30.260018836693796
31.52756848157957
32.79265483536647
34.0452491980032
35.275610225429304
36.47459217237563
37.63391844074887
38.746402996128936
39.80610766452256
40.80842980048703
41.75012133219474
42.629245841689915
43.445084494554486
44.19800400023213
44.889300402308656
45.521031659717686
46.09585011811438
46.616843549009545
47.08739086316671
47.511036194209154
47.89138299384312
48.23200817285758
48.53639517270039
48.8078841181843
49.04963681141875
49.264614199719745
49.455564008824176
49.625016410700596
49.77528583968112
49.90847734228307
50.026496117849284
50.131059161823345
50.223708151473446
50.30582291098434
50.378634958496505
50.44324077359726
50.500614532921766
50.551620147422554
50.59702250112181
50.63749784119615
50.67364330614557
50.70598560525199
50.73498888080848
50.76106179657973
50.78456390316738
50.80581133462227
50.8250818917381
50.84261956672571
50.858638561984414
50.873326852893506
50.88684934126819
50.89935064260257
50.91095754662845
50.921781187174076
50.93191895389435
50.94145617521491
