88.7394769530513
87.47142309791062
86.2058325338688
84.95273396097717
83.72186872329615
82.5223825660949
81.36255208746677
80.2495633218318
79.18935444318328
78.18652809696388
77.24433235500128
76.3647036352512
75.5483607721317
74.79493705619917
74.10313644386774
73.4709009762038
72.89557830755219
72.37408066640211
71.90302914199002
71.4788796006927
71.0980285908038
70.75689920153444
70.45200799143672
70.18001483569789
69.93775793220854
69.72227633365262
69.53082231429329
69.36086570216195
69.21009206292652
69.07639635006966
68.95787336424851
68.85280611001956
68.75965291011454
68.67703394034874
68.60371768258166
68.538607657226
68.48072968764659
68.42921986289087
68.38331329893671
68.34233374860746
68.30568407340314
68.27283756404182
68.24333007823041
68.21675295220425
68.19274663536169
68.17099499365189
68.15122022628114
68.13317834103863
68.11665513552501
68.101462634361
68.08743593573142
68.07443042414212
68.06231930986132
68.0509914590608
68.04034948208562
68.03030805051014
