1.1133022957905965
1.997021780757784
1.6673053814460665
0.6181922526287842
0.42164837629703555
2.9378649142958047
1.5193487302277617
0.14741413660710734
2.0652885370489322
1.8845209959402318
1.30934305199467
2.6207970359333146
0.5104814897366623
0.0789272507991754
1.8473725001008496
1.1911415467523732
2.2446957826868683
2.4553706630976926
3.125709728465875
2.117045602862248
2.0492050012404484
1.8333453534434447
1.1465090572852255
2.1026812187431503
2.0034994676412445
1.6879165077499572
0.6837740776372918
0.6303209014382887
0.4602401015623556
3.0606585809813147
1.9100616220426616
1.3906098807536686
2.8793771282946565
1.3332484807429523
2.696860887172555
0.7525064091220486
0.8490179134359934
1.1561045080647077
2.1332126494286783
2.1006463637071526
1.9970248332640033
1.6673150940871544
0.6182231569207026
0.42174670956548965
2.9381777974763885
1.5203442823008686
0.15058184905479877
2.0753677709473983
1.9165917592564305
1.4113878969259126
2.9454899743512257
1.543610643252066
0.22461227272641437
2.310922597967508
2.6660954603125155
0.6546149687585796
0.5375405483247775
0.16502552696888273
2.1213256066921566
2.0628233963416385
1.8766772505233682
1.2843853115591166
2.54138487072904
0.2578026867052188
2.416530020350539
3.0021240398634284
1.723812604040802
0.7979906162983745
0.9937425282226044
1.6165987198473815
0.4568504918409637
3.049873299783915
1.875744311324837
1.2814168247931939
2.531939546045173
0.2277489370013086
2.32090304075027
2.697851883598485
0.7556596260758113
0.8590510245895118
1.1880285149828396
2.234790535244194
2.4238535011367155
3.0254263683189713
1.7979574714381101
1.03390958782553
1.744404887996005
0.8635124874824491
1.2022242883660326
2.2799595721824275
2.567575286761535
0.3411370593659342
2.681688758607212
0.7042307415078426
0.6954112477311796
0.6673488243118797
0.5780579760477949
0.2939465354409023
2.5315348901242807
0.2264613928454935
