151.22767485984326
12.245913895397972
88.42741023990929
47.2070903678592
97.39818267670687
154.7926917408344
130.28112298241493
22.898149187890258
151.7883585525019
90.4509089320865
90.2648263412223
55.428304166821036
54.810454900624244
72.56440101463562
153.72853928780864
168.59102203928487
148.68286804096618
134.73770355188168
132.53870183899238
69.46590146263327
57.52193086194369
45.76158219518578
54.38129259549792
77.21973356220906
89.07408438094625
135.71860868923596
136.90721809916596
131.41804034227155
119.9944058249907
112.48245432899313
76.60216283253656
51.589674502647235
37.83644933243175
44.24268250830131
110.05191943347296
153.47081244712953
16.66519375700441
36.53652535231708
131.72244435300357
154.5826278407349
58.008284263919414
166.68148041978415
149.70297534838477
113.12711135108876
170.43204427650315
164.94179126546265
101.41117456433886
19.383828098727864
81.66195159058906
86.93498702829515
57.362583714441286
29.67220275999465
125.63165315885448
175.56924290125147
53.968316489276695
74.5323649083795
37.212146729812886
74.68515760877094
93.75626085560182
45.21805245757864
15.155313577182424
55.090545978789336
36.72018228934062
174.62649387787135
109.34306641701976
154.20653590572383
105.7365753584455
77.812289400384
7.242992095536516
170.09759938577267
50.02715218368994
36.70939805791482
38.99159680233173
122.11087197983836
72.2976565819625
4.072875539191492
7.804566878922151
132.48398225995732
31.935804205554156
103.25475878194092
146.68463164468423
0.24497732321852178
146.82616027613147
44.90890584426691
64.11606576273229
146.9095762879667
108.19939345731635
113.27649948505743
112.9792737548513
60.98628555309914
28.93802697812246
160.60270920608187
119.09114661449922
58.8488021902271
113.2951937733695
74.51221994542283
53.94181444850406
44.020194345471864
86.6696194515582
71.58328962034656
